%YAML:1.0
aruco_bc_dict: ARUCO_MIP_36h12
aruco_bc_nmarkers: 35
aruco_bc_mInfoType: 0
aruco_bc_markers:
   - { id:161, corners:[ [ -580., -620., 0. ], [ -380., -620., 0. ], [
       -380., -820., 0. ], [ -580., -820., 0. ] ] }
   - { id:227, corners:[ [ -340., -620., 0. ], [ -140., -620., 0. ], [
       -140., -820., 0. ], [ -340., -820., 0. ] ] }
   - { id:85, corners:[ [ -100., -620., 0. ], [ 100., -620., 0. ], [
       100., -820., 0. ], [ -100., -820., 0. ] ] }
   - { id:166, corners:[ [ 140., -620., 0. ], [ 340., -620., 0. ], [
       340., -820., 0. ], [ 140., -820., 0. ] ] }
   - { id:244, corners:[ [ 380., -620., 0. ], [ 580., -620., 0. ], [
       580., -820., 0. ], [ 380., -820., 0. ] ] }
   - { id:144, corners:[ [ -580., -380., 0. ], [ -380., -380., 0. ], [
       -380., -580., 0. ], [ -580., -580., 0. ] ] }
   - { id:90, corners:[ [ -340., -380., 0. ], [ -140., -380., 0. ], [
       -140., -580., 0. ], [ -340., -580., 0. ] ] }
   - { id:214, corners:[ [ -100., -380., 0. ], [ 100., -380., 0. ], [
       100., -580., 0. ], [ -100., -580., 0. ] ] }
   - { id:153, corners:[ [ 140., -380., 0. ], [ 340., -380., 0. ], [
       340., -580., 0. ], [ 140., -580., 0. ] ] }
   - { id:7, corners:[ [ 380., -380., 0. ], [ 580., -380., 0. ], [ 580.,
       -580., 0. ], [ 380., -580., 0. ] ] }
   - { id:143, corners:[ [ -580., -140., 0. ], [ -380., -140., 0. ], [
       -380., -340., 0. ], [ -580., -340., 0. ] ] }
   - { id:219, corners:[ [ -340., -140., 0. ], [ -140., -140., 0. ], [
       -140., -340., 0. ], [ -340., -340., 0. ] ] }
   - { id:78, corners:[ [ -100., -140., 0. ], [ 100., -140., 0. ], [
       100., -340., 0. ], [ -100., -340., 0. ] ] }
   - { id:159, corners:[ [ 140., -140., 0. ], [ 340., -140., 0. ], [
       340., -340., 0. ], [ 140., -340., 0. ] ] }
   - { id:209, corners:[ [ 380., -140., 0. ], [ 580., -140., 0. ], [
       580., -340., 0. ], [ 380., -340., 0. ] ] }
   - { id:13, corners:[ [ -580., 100., 0. ], [ -380., 100., 0. ], [
       -380., -100., 0. ], [ -580., -100., 0. ] ] }
   - { id:247, corners:[ [ -340., 100., 0. ], [ -140., 100., 0. ], [
       -140., -100., 0. ], [ -340., -100., 0. ] ] }
   - { id:237, corners:[ [ -100., 100., 0. ], [ 100., 100., 0. ], [ 100.,
       -100., 0. ], [ -100., -100., 0. ] ] }
   - { id:100, corners:[ [ 140., 100., 0. ], [ 340., 100., 0. ], [ 340.,
       -100., 0. ], [ 140., -100., 0. ] ] }
   - { id:6, corners:[ [ 380., 100., 0. ], [ 580., 100., 0. ], [ 580.,
       -100., 0. ], [ 380., -100., 0. ] ] }
   - { id:177, corners:[ [ -580., 340., 0. ], [ -380., 340., 0. ], [
       -380., 140., 0. ], [ -580., 140., 0. ] ] }
   - { id:93, corners:[ [ -340., 340., 0. ], [ -140., 340., 0. ], [
       -140., 140., 0. ], [ -340., 140., 0. ] ] }
   - { id:86, corners:[ [ -100., 340., 0. ], [ 100., 340., 0. ], [ 100.,
       140., 0. ], [ -100., 140., 0. ] ] }
   - { id:229, corners:[ [ 140., 340., 0. ], [ 340., 340., 0. ], [ 340.,
       140., 0. ], [ 140., 140., 0. ] ] }
   - { id:226, corners:[ [ 380., 340., 0. ], [ 580., 340., 0. ], [ 580.,
       140., 0. ], [ 380., 140., 0. ] ] }
   - { id:12, corners:[ [ -580., 580., 0. ], [ -380., 580., 0. ], [
       -380., 380., 0. ], [ -580., 380., 0. ] ] }
   - { id:198, corners:[ [ -340., 580., 0. ], [ -140., 580., 0. ], [
       -140., 380., 0. ], [ -340., 380., 0. ] ] }
   - { id:115, corners:[ [ -100., 580., 0. ], [ 100., 580., 0. ], [ 100.,
       380., 0. ], [ -100., 380., 0. ] ] }
   - { id:171, corners:[ [ 140., 580., 0. ], [ 340., 580., 0. ], [ 340.,
       380., 0. ], [ 140., 380., 0. ] ] }
   - { id:168, corners:[ [ 380., 580., 0. ], [ 580., 580., 0. ], [ 580.,
       380., 0. ], [ 380., 380., 0. ] ] }
   - { id:11, corners:[ [ -580., 820., 0. ], [ -380., 820., 0. ], [
       -380., 620., 0. ], [ -580., 620., 0. ] ] }
   - { id:249, corners:[ [ -340., 820., 0. ], [ -140., 820., 0. ], [
       -140., 620., 0. ], [ -340., 620., 0. ] ] }
   - { id:110, corners:[ [ -100., 820., 0. ], [ 100., 820., 0. ], [ 100.,
       620., 0. ], [ -100., 620., 0. ] ] }
   - { id:132, corners:[ [ 140., 820., 0. ], [ 340., 820., 0. ], [ 340.,
       620., 0. ], [ 140., 620., 0. ] ] }
   - { id:154, corners:[ [ 380., 820., 0. ], [ 580., 820., 0. ], [ 580.,
       620., 0. ], [ 380., 620., 0. ] ] }
